12
MN         0.0000000 0.1965773 0.9620506 8.9999987 0.2697432 0.3135099 0.4510101 0.2605101 0.2829176 0.3352996 0.2569888 0.2823201 
MR         0.1965773 0.0000000 0.9582570 8.9999987 0.2786848 0.3222595 0.4200722 0.2555871 0.2889431 0.3334772 0.2800574 0.2759763 
PC         0.9620506 0.9582570 0.0000000 8.9999988 0.8882269 1.0171364 1.1598038 0.9020289 0.8640541 0.9878276 0.8119899 1.0009912 
AP         8.9999987 8.9999987 8.9999988 0.0000000 8.9999984 9.0000000 8.9999984 8.9999990 8.9999984 9.0000000 8.9999986 8.9999982 
VU         0.2697432 0.2786848 0.8882269 8.9999984 0.0000000 0.3225989 0.4068872 0.2424286 0.0888121 0.2801133 0.2464869 0.2591548 
NT         0.3135099 0.3222595 1.0171364 9.0000000 0.3225989 0.0000000 0.4619285 0.2588774 0.3471709 0.3547401 0.3057614 0.2965799 
OA         0.4510101 0.4200722 1.1598038 8.9999984 0.4068872 0.4619285 0.0000000 0.4182116 0.4217136 0.4303416 0.4365288 0.4196837 
MF         0.2605101 0.2555871 0.9020289 8.9999990 0.2424286 0.2588774 0.4182116 0.0000000 0.2477928 0.2879059 0.2293312 0.1483041 
LK         0.2829176 0.2889431 0.8640541 8.9999984 0.0888121 0.3471709 0.4217136 0.2477928 0.0000000 0.2844433 0.2624858 0.2809633 
CF         0.3352996 0.3334772 0.9878276 9.0000000 0.2801133 0.3547401 0.4303416 0.2879059 0.2844433 0.0000000 0.2791009 0.2959473 
PG         0.2569888 0.2800574 0.8119899 8.9999986 0.2464869 0.3057614 0.4365288 0.2293312 0.2624858 0.2791009 0.0000000 0.2486262 
SB         0.2823201 0.2759763 1.0009912 8.9999982 0.2591548 0.2965799 0.4196837 0.1483041 0.2809633 0.2959473 0.2486262 0.0000000 
