12
MN         0.0000000 0.1366205 0.4560109 0.4147214 0.4338234 0.4392679 0.5072355 0.9150343 0.4486852 0.5302495 0.4644002 0.4169335 
MR         0.1366205 0.0000000 0.4737256 0.4636539 0.4756406 0.4464331 0.5204935 0.9648799 0.4525238 0.5543524 0.5005848 0.4888688 
PC         0.4560109 0.4737256 0.0000000 0.2917919 0.2701245 0.1778062 0.4676215 0.8440594 0.1778232 0.4610013 0.2703443 0.2974399 
MF         0.4147214 0.4636539 0.2917919 0.0000000 0.2455563 0.2599285 0.4227193 0.7999116 0.2564818 0.3816193 0.2750015 0.0679911 
AP         0.4338234 0.4756406 0.2701245 0.2455563 0.0000000 0.2714124 0.4075055 0.7894309 0.2635365 0.3508673 0.2618388 0.2397065 
VU         0.4392679 0.4464331 0.1778062 0.2599285 0.2714124 0.0000000 0.3964382 0.8353088 0.0558888 0.4002996 0.2386425 0.2629100 
NT         0.5072355 0.5204935 0.4676215 0.4227193 0.4075055 0.3964382 0.0000000 0.8516004 0.3953306 0.5211078 0.4382680 0.4007918 
OA         0.9150343 0.9648799 0.8440594 0.7999116 0.7894309 0.8353088 0.8516004 0.0000000 0.7728829 0.8076002 0.7673147 0.7634993 
LK         0.4486852 0.4525238 0.1778232 0.2564818 0.2635365 0.0558888 0.3953306 0.7728829 0.0000000 0.3999144 0.2313735 0.2534373 
CF         0.5302495 0.5543524 0.4610013 0.3816193 0.3508673 0.4002996 0.5211078 0.8076002 0.3999144 0.0000000 0.4049122 0.3646674 
PG         0.4644002 0.5005848 0.2703443 0.2750015 0.2618388 0.2386425 0.4382680 0.7673147 0.2313735 0.4049122 0.0000000 0.2609152 
SB         0.4169335 0.4888688 0.2974399 0.0679911 0.2397065 0.2629100 0.4007918 0.7634993 0.2534373 0.3646674 0.2609152 0.0000000 
