12
MN_1-1146  0.0000000 0.3341963 0.7585047 0.7032584 0.5625957 0.7240996 1.2526559 0.5610434 0.6138051 0.7745653 0.5682178 0.6234815 
MR_1-1146  0.3341963 0.0000000 0.7997107 0.6324180 0.6155551 0.7461175 1.1250300 0.5465409 0.6543478 0.7891056 0.6266567 0.6070648 
PC_1-1140  0.7585047 0.7997107 0.0000000 0.8509219 0.6426383 0.9085177 1.5569112 0.5971141 0.6323297 0.7561486 0.6113716 0.6628747 
AP_1-973   0.7032584 0.6324180 0.8509219 0.0000000 0.6336564 0.6166871 1.2061646 0.4969669 0.7006620 0.6708663 0.5996772 0.5502790 
VU_1-1146  0.5625957 0.6155551 0.6426383 0.6336564 0.0000000 0.7259643 1.1742852 0.4871557 0.1085009 0.5822392 0.5035735 0.5411333 
NT_1-1146  0.7240996 0.7461175 0.9085177 0.6166871 0.7259643 0.0000000 1.3764680 0.5383300 0.7926705 0.8318577 0.6845354 0.6510533 
OA_1-1140  1.2526559 1.1250300 1.5569112 1.2061646 1.1742852 1.3764680 0.0000000 1.1095682 1.1697702 1.1328259 1.1939714 1.1815980 
MF_1-1146  0.5610434 0.5465409 0.5971141 0.4969669 0.4871557 0.5383300 1.1095682 0.0000000 0.5121576 0.5887297 0.4649372 0.2047026 
LK_1-1146  0.6138051 0.6543478 0.6323297 0.7006620 0.1085009 0.7926705 1.1697702 0.5121576 0.0000000 0.5806463 0.5487178 0.6063807 
CF_1-1146  0.7745653 0.7891056 0.7561486 0.6708663 0.5822392 0.8318577 1.1328259 0.5887297 0.5806463 0.0000000 0.5700238 0.6108322 
PG_1-1146  0.5682178 0.6266567 0.6113716 0.5996772 0.5035735 0.6845354 1.1939714 0.4649372 0.5487178 0.5700238 0.0000000 0.5332211 
SB_1-1146  0.6234815 0.6070648 0.6628747 0.5502790 0.5411333 0.6510533 1.1815980 0.2047026 0.6063807 0.6108322 0.5332211 0.0000000 
